Note: The tool listed first is the tool currently in the spindle.

 TOOLNO    ZOFFSET    XOFFSET   DIAMETER  FRONTANGLE   BACKANGLE ORIENT  COMMENT

      0  +0.000000  +0.000000   0.000000   +0.000000   +0.000000      0  
      1  +0.000000  +0.000000   0.100000  +95.000000 +155.000000      1  
      2  +0.000000  +0.000000   0.100000  +85.000000  +25.000000      2  
      3  +0.000000  +0.000000   0.100000 +275.000000 +335.000000      3  
      4  +0.000000  +0.000000   0.100000 +265.000000 +205.000000      4  
      5  +0.000000  +0.000000   0.100000 +210.000000 +150.000000      5  
      6  +0.500000  +0.500000   0.100000 +120.000000  +60.000000      6  
      7  +0.000000  +0.000000   0.100000  -30.000000  +30.000000      7  
      8  +0.000000  +0.000000   0.100000 +240.000000 +300.000000      8  
      9  +0.000000  +0.000000   0.100000   +0.000000   +0.000000      9  
