-50.000000 -50.000000 -0.032200 0.000000 0.000000 0.000000 0.000000 0.000000 0.000000
-25.000000 -50.000000 -0.008866 0.000000 0.000000 0.000000 0.000000 0.000000 0.000000
0.000000 -50.000000 0.011133 0.000000 0.000000 0.000000 0.000000 0.000000 0.000000
25.000000 -50.000000 0.037800 0.000000 0.000000 0.000000 0.000000 0.000000 0.000000
50.000000 -50.000000 0.041133 0.000000 0.000000 0.000000 0.000000 0.000000 0.000000
-50.000000 -25.000000 -0.028867 0.000000 0.000000 0.000000 0.000000 0.000000 0.000000
-25.000000 -25.000000 -0.002200 0.000000 0.000000 0.000000 0.000000 0.000000 0.000000
0.000000 -25.000000 0.024467 0.000000 0.000000 0.000000 0.000000 0.000000 0.000000
25.000000 -25.000000 0.054467 0.000000 0.000000 0.000000 0.000000 0.000000 0.000000
50.000000 -25.000000 0.044467 0.000000 0.000000 0.000000 0.000000 0.000000 0.000000
-50.000000 0.000000 -0.045533 0.000000 0.000000 0.000000 0.000000 0.000000 0.000000
-25.000000 0.000000 -0.012200 0.000000 0.000000 0.000000 0.000000 0.000000 0.000000
-0.000000 0.000000 0.021133 0.000000 0.000000 0.000000 0.000000 0.000000 0.000000
25.000000 0.000000 0.044467 0.000000 0.000000 0.000000 0.000000 0.000000 0.000000
50.000000 0.000000 0.034467 0.000000 0.000000 0.000000 0.000000 0.000000 0.000000
-50.000000 25.000000 -0.055533 0.000000 0.000000 0.000000 0.000000 0.000000 0.000000
-25.000000 25.000000 -0.025533 0.000000 0.000000 0.000000 0.000000 0.000000 0.000000
0.000000 25.000000 0.007800 0.000000 0.000000 0.000000 0.000000 0.000000 0.000000
25.000000 25.000000 0.034467 0.000000 0.000000 0.000000 0.000000 0.000000 0.000000
50.000000 25.000000 0.041134 0.000000 0.000000 0.000000 0.000000 0.000000 0.000000
-50.000000 50.000000 -0.068867 0.000000 0.000000 0.000000 0.000000 0.000000 0.000000
-25.000000 50.000000 -0.038866 0.000000 0.000000 0.000000 0.000000 0.000000 0.000000
0.000000 50.000000 -0.008866 0.000000 0.000000 0.000000 0.000000 0.000000 0.000000
25.000000 50.000000 0.027800 0.000000 0.000000 0.000000 0.000000 0.000000 0.000000
50.000000 50.000000 0.031133 0.000000 0.000000 0.000000 0.000000 0.000000 0.000000
